2097	2010.38082	-1.7170787606948126	nan
2098	2010.45535	-1.7325370828364282	nan
2099	2010.52987	-1.6651634981029004	nan
2100	2010.60443	-1.600839057572745	nan
2101	2010.67907	-1.6759811464087793	nan
2102	2010.75379	-1.7212621584014	nan
2103	2010.82856	-1.6130504437211253	-1.5526019022543167
2104	2010.90338	-1.5711597183742645	-1.5335123174431282
2105	2010.97823	-1.70485377810155	-1.5088943267923203
2106	2011.05312	-1.3508786089699498	-1.497587670615722
2107	2011.12803	-1.153607644120219	-1.4435663368301854
2108	2011.2029	-1.2419261519870204	-1.4114167862680704
2109	2011.27768	-1.4354866800149224	-1.3797382579298505
2110	2011.35233	-1.4689141581493599	-1.3450685111632148
2111	2011.42688	-1.4125032043759262	-1.3014952601897531
2112	2011.5014	-1.5181769678071235	-1.2436999370136248
2113	2011.57594	-0.8985617183607704	-1.1830334810289946
2114	2011.65054	-1.2580369891012848	-1.1570382790273894
2115	2011.72523	-1.3094412900045405	-1.1530331379636527
2116	2011.79998	-1.1623437357548587	-1.1039520445783457
2117	2011.87478	-1.0047074557192646	-1.0414437438556288
2118	2011.94962	-0.9535145768118819	-0.9650281572018782
2119	2012.02443	-0.5622146811697566	-0.8960238092144486
2120	2012.09913	-0.8156700180993514	-0.8887651468057712
2121	2012.17382	-1.1898593181584434	-0.8431704111553534
2122	2012.24844	-0.797432466005934	-0.8067821736438094
2123	2012.32293	-0.656306248754038	-0.7742789800384551
2124	2012.39732	-0.4191005778771675	-0.7239230068245154
2125	2012.47163	-0.6211204439705392	-0.6847927839271132
2126	2012.54595	-0.8041991070479669	-0.6676412387160291
2127	2012.62033	-0.6653054256458519	-0.6757618206206342
2128	2012.69478	-0.8363942023544705	-0.6315865944202993
2129	2012.76931	-0.7398022188852492	-0.6290005945048147
2130	2012.84389	-0.35007980393804977	-0.5855521292536549
2131	2012.9185	-0.4448216791456527	-0.5656103749242172
2132	2012.99316	-0.3392445934256641	-0.5313326618634086
2133	2013.06804	-0.9212375828592175	-0.48454663602910547
2134	2013.14295	-0.6155813775540886	-0.4401013571258568
2135	2013.2178	-0.7638144671046357	-0.37621694788168314
2136	2013.29255	-0.09147620048896	-0.34518112751162466
2137	2013.36718	-0.15985777159447656	-0.31441428252813364
2138	2013.44172	-0.17551017418002657	-0.28291376767235976
2139	2013.51623	-0.19598077120202814	-0.24536725212188754
2140	2013.59078	-0.08751679990361864	-0.16844366445039016
2141	2013.66541	-0.0058968821802134795	-0.10471401264012892
2142	2013.74011	-0.3363365540744886	-0.0028806900769712688
2143	2013.81488	0.0498891808473325	0.0836969938235105
2144	2013.88969	-0.03531498602059166	0.17398148757476406
2145	2013.96453	0.14886010873047537	0.2758206097474151
2146	2014.03942	0.07876905687024757	0.39458080226954667
2147	2014.11433	0.212904095979308	0.5165314138337005
2148	2014.18921	0.5600187262164137	0.6634919122573406
2149	2014.264	1.0340336902173028	0.832472238400292
2150	2014.33868	1.01384064717182	0.9644243271727798
2151	2014.41324	1.1483984140644374	1.1350743935221297
2152	2014.48776	1.3479017315856825	1.290097030820178
2153	2014.56229	1.4978411504303808	1.4772064083501673
2154	2014.63689	1.9045895973271083	1.64889817362756
2155	2014.71156	1.8604076857838798	1.7715272475376231
2156	2014.7863	1.7652663348896713	1.8757207963773852
2157	2014.8611	2.1831358765209576	1.969838005661536
2158	2014.93593	2.1641543936051044	2.029420663089503
2159	2015.0108	2.5111909647601074	2.1331552320503993
2160	2015.0857	2.444897044585414	2.1954947880057145
2161	2015.1606	2.154196687047234	2.2303685817042367
2162	2015.23543	2.3885498251342105	2.256872021472193
2163	2015.31016	2.2373643678657795	2.3015877382385534
2164	2015.38476	1.9229729606280055	2.314626910330448
2165	2015.45929	2.6964511280773378	2.3254854536709617
2166	2015.53275	2.3082553778494788	2.326394633002301
2167	2015.60727	2.3579489154078983	2.3129111143071324
2168	2015.68186	2.204952402767309	2.3305708604609356
2169	2015.75653	2.3465706528523573	2.3351138453311107
2170	2015.83125	2.352645113715588	2.350933907900208
2171	2015.90602	2.305315457031783	2.3856322382978474
2172	2015.98082	2.5230102960675174	2.37407541994534
2173	2016.05567	2.269611301548223	2.392547159108552
2174	2016.13052	2.383773387046677	2.4081124977528705
2175	2016.20534	2.447608628446485	2.438687377786454
2176	2016.28006	2.4430251812640393	2.4447789723228723
2177	2016.35465	2.3740512557973203	2.4658632933458127
2178	2016.42915	2.546212489494745	2.4843095800263133
2179	2016.50361	2.5483879869712376	2.4785982037168544
2180	2016.5781	2.5602983177840355	2.4937405401452506
2181	2016.65267	2.6024258432038905	2.493948594987941
2182	2016.72731	2.4257613818257973	2.500010691775146
2183	2016.80201	2.6267412870138145	2.513186695392733
2184	2016.87676	2.5451171838782933	2.54336995890252
2185	2016.95155	2.4487624040445453	2.5602281880957287
2186	2017.02638	2.4664616751173734	2.5722723143431354
2187	2017.10123	2.386478100001662	2.5827712502380935
2188	2017.17607	2.526415886680147	2.618339310452908
2189	2017.25083	2.614313228292665	2.647164375813063
2190	2017.32548	2.7664336814245503	2.6535753101767776
2191	2017.40001	2.7653694690064623	2.6651047184320715
2192	2017.47448	2.7049616281875246	2.6844567096846927
2193	2017.54895	2.696784484418493	2.7049179002868446
2194	2017.62348	3.0648106259964765	2.7266766137680842
2195	2017.69809	2.8004872315078146	2.7329369860497716
2196	2017.77277	2.7100834337421045	2.7457325910350647
2197	2017.84751	2.694999491197116	2.7416711455582745
2198	2017.92228	2.7003382903286126	2.7269352763638093
2199	2017.99709	2.732457152945354	2.737386376419363
2200	2018.07194	2.6693413752577717	2.736946514667831
2201	2018.1468	2.607800726342085	2.7100146529167835
2202	2018.22159	2.7806560931014777	2.6953193617004434
2203	2018.29629	2.7136348902262815	2.701818931457456
2204	2018.37086	2.5738031694784134	2.6902604815639934
2205	2018.44535	2.840825928909714	2.6824324028429483
2206	2018.51981	2.691066281648583	2.6757813694524564
2207	2018.59431	2.714696423232859	2.674720036559555
2208	2018.66889	2.6094484456953904	2.6782475466599087
2209	2018.74355	2.794577840583264	2.6651263831321157
2210	2018.81826	2.544739642582102	2.658417781047304
2211	2018.89302	2.5985732669550297	2.6564364557969773
2212	2018.96782	2.6459937188689597	2.6528232390872004
2213	2019.04266	2.6555440476500514	2.6510435101886376
2214	2019.11751	2.6536583576466866	2.6470788000498944
2215	2019.19234	2.610080967240165	2.642770662421771
2216	2019.26708	2.6264230631237373	2.6261290328799642
2217	2019.3417	2.5480459412241623	2.627802518539513
2218	2019.41621	2.793854111682616	2.6293844814351934
2219	2019.49067	2.6679298059672667	2.6190753516652303
2220	2019.56515	2.6631551914291927	2.612231321507909
2221	2019.6397	2.553442656529788	2.6164144213672
2222	2019.71433	2.578236656539781	2.622967529379542
2223	2019.78902	2.566494956156233	2.6264033466684467
2224	2019.86376	2.6191387845988765	2.6259711904370437
2225	2019.93854	2.5119750318594383	2.612881676224765
2226	2020.01337	2.566571655604879	2.6060334049550655
2227	2020.08822	2.708038655817465	2.5944309498916525
2228	2020.16307	2.6952713714006107	2.583963875890793
2229	2020.23785	2.6710886878794966	2.5820866459687393
2230	2020.31251	2.5424279102159253	2.5821427240961397
2231	2020.38706	2.623690426922995	2.5968916788967706
2232	2020.46154	2.5789022794611696	2.5762757254814592
2233	2020.536	2.5123232756048224	2.5564323153279314
2234	2020.61052	2.417370694518619	2.5400790378176032
2235	2020.68512	2.55383266755308	2.5127626500660116
2236	2020.75979	2.5672239718124414	2.4906287014050608
2237	2020.83451	2.810875197007081	2.4805267004116565
2238	2020.90928	2.2439676374603845	2.4444995917632095
2239	2020.98409	2.3086073236090208	2.4235542926485008
2240	2021.05893	2.495446048183197	2.4113119435633155
2241	2021.13379	2.3401583306299165	2.43871051965237
2242	2021.2086	2.3833473552871407	2.3718621595801754
2243	2021.28331	2.4111018973016654	2.339654614278162
2244	2021.35791	2.155338014493184	2.293386491064464
2245	2021.4324	2.3066133909699555	2.2846950845557994
2246	2021.50687	2.3531727374974136	2.2588778908672555
2247	2021.58136	2.773552183676326	2.1899501817324434
2248	2021.65592	1.6848039866145537	2.1566002084126477
2249	2021.73057	2.1485258828862714	2.0847311988146027
2250	2021.80527	2.209389595229006	2.000628732779446
2251	2021.88002	2.1309793528477443	1.9015420965259957
2252	2021.95481	1.9729838056579483	1.7646178099441117
2253	2022.02965	1.5993858294306393	1.6618505626862687
2254	2022.1045	1.9066086774725737	1.5216570445585025
2255	2022.17934	1.4490502305125559	1.4563951647936777
2256	2022.25409	1.3177698388446233	1.3344534798617103
2257	2022.32874	0.867211743198331	1.2809648868673098
2258	2022.40326	0.5265976654054663	1.2127550181401714
2259	2022.47773	1.0171985231454552	1.1328711010655825
2260	2022.5522	0.9510364480153655	1.0270661340819807
2261	2022.62674	0.8363995496718329	0.8852715041799638
2262	2022.70135	0.5632839787706919	0.7936503512851784
2263	2022.77604	1.5140378863017998	0.6771935283913215
2264	2022.85077	1.244251059394943	0.6287180838432351
2265	2022.92554	0.934492883688294	0.5917181638579061
2266	2023.00036	0.22392125864381546	nan
2267	2023.07521	0.06327848874635664	nan
2268	2023.15006	0.2579752428803434	nan
2269	2023.22486	-0.1961688587755151	nan
2270	2023.29955	0.23703096407320792	nan
2271	2023.37411	0.04559870559618875	nan
